R.s2.R.off = 0.00 0.00 0.00 0.00 0.00 0.00 0.00 0.00 0.00 0.00 0.00 0.00 0.00 0.00 0.00 0.00 
R.s2.L.off = 0.00 0.00 0.00 0.00 0.00 0.00 0.00 0.00 0.00 0.00 0.00 0.00 0.00 0.00 0.00 0.00 
R.s0.R.off = 0.00 
R.s0.L.off = 0.00 
R.s2.R.off_F1 = -8331 -8396 -8417 -8413 -8365 -8379 -8376 -8380 -8393 -8392 -8392 -8385 -8333 -8344 -8363 -8370 
R.s2.L.off_F1 = -8444 -8471 -8492 -8488 -8515 -8491 -8526 -8493 -8505 -8467 -8505 -8497 -8520 -8494 -8475 -8482 
R.s0.R.off_F1 = -8043.75 
R.s0.L.off_F1 = -8193.75 
L.s2.R.off = 0.00 0.00 0.00 0.00 0.00 0.00 0.00 0.00 0.00 0.00 0.00 0.00 0.00 0.00 0.00 0.00 
L.s2.L.off = 0.00 0.00 0.00 0.00 0.00 0.00 0.00 0.00 0.00 0.00 0.00 0.00 0.00 0.00 0.00 0.00 
L.s0.R.off = 0.00 
L.s0.L.off = 0.00 
L.s2.R.off_F1 = -12930.11 -12955.47 -13034.71 -13063.31 -12933.77 -12930.03 -13113.11 -13112.13 -13150.97 -12952.68 -13158.69 -13134.71 -13145.06 -12949.48 -13166.55 -13005.46 
L.s2.L.off_F1 = -12630.11 -12655.47 -12547.21 -12538.31 -12671.27 -12667.53 -12513.11 -12512.13 -12475.97 -12690.18 -12483.69 -12459.71 -12432.56 -12649.48 -12454.05 -12705.46 
L.s0.R.off_F1 = -12331.25 
L.s0.L.off_F1 = -12106.25 
R.s2.R.timewalk_params_F1 = 189.57 11.44 17.95 17.64 17.70 17.96 15.02 8.48 14.43 15.73 16.68 13.40 15.70 9.86 5.50 13.23 
R.s2.L.timewalk_params_F1 = -42.61 14.64 14.86 8.28 11.97 6.71 10.32 11.41 12.36 7.59 14.08 7.86 12.31 8.44 18.33 14.59 
L.s2.R.timewalk_params_F1 = 37.44 41.01 19.36 15.41 27.39 19.81 22.20 10.83 24.98 30.53 11.50 16.40 13.98 8.74 10.29 0.00 
L.s2.L.timewalk_params_F1 = 35.45 20.63 30.49 27.47 30.03 32.65 25.00 17.66 21.33 26.14 25.07 30.91 7.94 5.19 15.54 0.00 
F1TDC.reso = 0.05623;
F1TDC.reso = 0.05623;
